0.000000000000000000e+00
0.000000000000000000e+00
0.000000000000000000e+00
0.000000000000000000e+00
4.000000000000000000e+00
0.000000000000000000e+00
8.000000000000000000e+00
0.000000000000000000e+00
3.000000000000000000e+00
2.000000000000000000e+00
0.000000000000000000e+00
3.000000000000000000e+00
1.000000000000000000e+00
2.000000000000000000e+00
9.000000000000000000e+00
1.300000000000000000e+01
4.500000000000000000e+01
6.000000000000000000e+01
1.090000000000000000e+02
1.570000000000000000e+02
1.490000000000000000e+02
1.500000000000000000e+02
1.240000000000000000e+02
1.310000000000000000e+02
1.200000000000000000e+02
1.200000000000000000e+02
9.700000000000000000e+01
1.530000000000000000e+02
1.740000000000000000e+02
2.710000000000000000e+02
3.710000000000000000e+02
4.380000000000000000e+02
5.230000000000000000e+02
5.680000000000000000e+02
7.530000000000000000e+02
7.490000000000000000e+02
7.190000000000000000e+02
7.050000000000000000e+02
1.043000000000000000e+03
1.180000000000000000e+03
1.006000000000000000e+03
1.289000000000000000e+03
1.654000000000000000e+03
1.555000000000000000e+03
1.619000000000000000e+03
1.341000000000000000e+03
1.257000000000000000e+03
1.360000000000000000e+03
1.614000000000000000e+03
1.287000000000000000e+03
1.272000000000000000e+03
1.185000000000000000e+03
7.510000000000000000e+02
6.500000000000000000e+02
4.920000000000000000e+02
3.700000000000000000e+02
4.890000000000000000e+02
3.740000000000000000e+02
3.360000000000000000e+02
2.540000000000000000e+02
1.550000000000000000e+02
7.700000000000000000e+01
6.400000000000000000e+01
2.200000000000000000e+01
2.600000000000000000e+01
4.800000000000000000e+01
1.000000000000000000e+01
5.000000000000000000e+00
4.000000000000000000e+00
0.000000000000000000e+00
0.000000000000000000e+00
1.000000000000000000e+00
0.000000000000000000e+00
1.400000000000000000e+01
0.000000000000000000e+00
0.000000000000000000e+00
0.000000000000000000e+00
0.000000000000000000e+00
0.000000000000000000e+00
0.000000000000000000e+00
0.000000000000000000e+00
4.000000000000000000e+00
7.000000000000000000e+00
0.000000000000000000e+00
0.000000000000000000e+00
0.000000000000000000e+00
1.500000000000000000e+01
0.000000000000000000e+00
0.000000000000000000e+00
7.000000000000000000e+00
0.000000000000000000e+00
0.000000000000000000e+00
0.000000000000000000e+00
5.000000000000000000e+00
0.000000000000000000e+00
0.000000000000000000e+00
0.000000000000000000e+00
0.000000000000000000e+00
0.000000000000000000e+00
0.000000000000000000e+00
0.000000000000000000e+00
0.000000000000000000e+00
0.000000000000000000e+00
0.000000000000000000e+00
0.000000000000000000e+00
0.000000000000000000e+00
0.000000000000000000e+00
0.000000000000000000e+00
0.000000000000000000e+00
0.000000000000000000e+00
