0.000000000000000000e+00
0.000000000000000000e+00
0.000000000000000000e+00
0.000000000000000000e+00
0.000000000000000000e+00
0.000000000000000000e+00
0.000000000000000000e+00
2.000000000000000000e+00
0.000000000000000000e+00
3.000000000000000000e+00
0.000000000000000000e+00
0.000000000000000000e+00
3.000000000000000000e+00
5.000000000000000000e+00
8.000000000000000000e+00
1.000000000000000000e+00
0.000000000000000000e+00
3.000000000000000000e+00
8.400000000000000000e+01
1.420000000000000000e+02
8.400000000000000000e+01
3.200000000000000000e+01
1.300000000000000000e+01
1.020000000000000000e+02
2.200000000000000000e+02
2.930000000000000000e+02
2.430000000000000000e+02
1.960000000000000000e+02
1.800000000000000000e+02
2.170000000000000000e+02
2.860000000000000000e+02
6.640000000000000000e+02
9.930000000000000000e+02
1.249000000000000000e+03
1.397000000000000000e+03
1.499000000000000000e+03
1.245000000000000000e+03
1.268000000000000000e+03
1.097000000000000000e+03
1.220000000000000000e+03
9.400000000000000000e+02
1.098000000000000000e+03
1.472000000000000000e+03
2.089000000000000000e+03
2.284000000000000000e+03
2.274000000000000000e+03
2.170000000000000000e+03
2.288000000000000000e+03
2.048000000000000000e+03
2.022000000000000000e+03
1.877000000000000000e+03
2.018000000000000000e+03
1.976000000000000000e+03
1.898000000000000000e+03
1.417000000000000000e+03
1.056000000000000000e+03
9.550000000000000000e+02
9.370000000000000000e+02
9.500000000000000000e+02
9.020000000000000000e+02
7.100000000000000000e+02
4.720000000000000000e+02
2.520000000000000000e+02
1.590000000000000000e+02
9.500000000000000000e+01
5.100000000000000000e+01
3.800000000000000000e+01
1.500000000000000000e+01
9.000000000000000000e+00
2.000000000000000000e+01
4.000000000000000000e+00
1.100000000000000000e+01
6.000000000000000000e+00
3.100000000000000000e+01
1.500000000000000000e+01
2.000000000000000000e+01
4.400000000000000000e+01
2.600000000000000000e+01
2.300000000000000000e+01
2.000000000000000000e+01
2.300000000000000000e+01
3.900000000000000000e+01
0.000000000000000000e+00
5.000000000000000000e+00
9.000000000000000000e+00
8.000000000000000000e+00
1.000000000000000000e+01
2.000000000000000000e+01
7.000000000000000000e+00
7.000000000000000000e+00
8.000000000000000000e+00
1.300000000000000000e+01
7.000000000000000000e+00
0.000000000000000000e+00
7.000000000000000000e+00
0.000000000000000000e+00
1.900000000000000000e+01
2.900000000000000000e+01
1.700000000000000000e+01
7.000000000000000000e+00
0.000000000000000000e+00
3.000000000000000000e+00
0.000000000000000000e+00
0.000000000000000000e+00
0.000000000000000000e+00
0.000000000000000000e+00
0.000000000000000000e+00
7.000000000000000000e+00
0.000000000000000000e+00
0.000000000000000000e+00
