0.000000000000000000e+00
0.000000000000000000e+00
0.000000000000000000e+00
0.000000000000000000e+00
1.000000000000000000e+00
1.000000000000000000e+00
0.000000000000000000e+00
0.000000000000000000e+00
9.000000000000000000e+00
5.000000000000000000e+00
0.000000000000000000e+00
1.200000000000000000e+01
0.000000000000000000e+00
1.000000000000000000e+00
0.000000000000000000e+00
9.000000000000000000e+00
0.000000000000000000e+00
0.000000000000000000e+00
0.000000000000000000e+00
3.000000000000000000e+00
1.200000000000000000e+01
3.000000000000000000e+00
2.000000000000000000e+00
2.000000000000000000e+01
7.200000000000000000e+01
7.900000000000000000e+01
7.300000000000000000e+01
1.020000000000000000e+02
1.000000000000000000e+02
1.270000000000000000e+02
1.250000000000000000e+02
2.270000000000000000e+02
2.860000000000000000e+02
4.810000000000000000e+02
7.390000000000000000e+02
1.134000000000000000e+03
1.926000000000000000e+03
1.893000000000000000e+03
1.664000000000000000e+03
2.234000000000000000e+03
2.364000000000000000e+03
2.619000000000000000e+03
2.797000000000000000e+03
3.055000000000000000e+03
3.203000000000000000e+03
3.652000000000000000e+03
4.724000000000000000e+03
5.855000000000000000e+03
5.214000000000000000e+03
4.694000000000000000e+03
3.451000000000000000e+03
2.752000000000000000e+03
1.967000000000000000e+03
1.593000000000000000e+03
1.189000000000000000e+03
9.090000000000000000e+02
1.025000000000000000e+03
9.870000000000000000e+02
1.029000000000000000e+03
9.730000000000000000e+02
5.040000000000000000e+02
3.130000000000000000e+02
1.370000000000000000e+02
3.200000000000000000e+01
6.300000000000000000e+01
3.800000000000000000e+01
1.900000000000000000e+01
2.800000000000000000e+01
7.300000000000000000e+01
3.200000000000000000e+01
4.500000000000000000e+01
4.600000000000000000e+01
1.080000000000000000e+02
5.200000000000000000e+01
5.900000000000000000e+01
9.500000000000000000e+01
3.600000000000000000e+01
1.900000000000000000e+01
3.300000000000000000e+01
0.000000000000000000e+00
7.000000000000000000e+00
2.900000000000000000e+01
1.200000000000000000e+01
4.000000000000000000e+00
0.000000000000000000e+00
0.000000000000000000e+00
7.000000000000000000e+00
0.000000000000000000e+00
0.000000000000000000e+00
0.000000000000000000e+00
0.000000000000000000e+00
0.000000000000000000e+00
0.000000000000000000e+00
1.100000000000000000e+01
6.000000000000000000e+00
0.000000000000000000e+00
0.000000000000000000e+00
0.000000000000000000e+00
0.000000000000000000e+00
0.000000000000000000e+00
0.000000000000000000e+00
0.000000000000000000e+00
0.000000000000000000e+00
0.000000000000000000e+00
0.000000000000000000e+00
0.000000000000000000e+00
0.000000000000000000e+00
0.000000000000000000e+00
0.000000000000000000e+00
0.000000000000000000e+00
