0.000000000000000000e+00
0.000000000000000000e+00
0.000000000000000000e+00
0.000000000000000000e+00
0.000000000000000000e+00
2.000000000000000000e+00
3.000000000000000000e+00
5.000000000000000000e+00
1.000000000000000000e+00
8.000000000000000000e+00
1.000000000000000000e+00
0.000000000000000000e+00
6.000000000000000000e+00
3.000000000000000000e+00
3.000000000000000000e+00
4.000000000000000000e+00
7.000000000000000000e+00
0.000000000000000000e+00
5.000000000000000000e+00
3.000000000000000000e+00
3.000000000000000000e+00
9.000000000000000000e+00
2.000000000000000000e+00
2.000000000000000000e+00
1.500000000000000000e+01
1.000000000000000000e+01
2.600000000000000000e+01
2.600000000000000000e+01
9.000000000000000000e+00
1.300000000000000000e+01
3.300000000000000000e+01
8.000000000000000000e+00
1.000000000000000000e+01
2.200000000000000000e+01
8.500000000000000000e+01
1.840000000000000000e+02
2.450000000000000000e+02
2.710000000000000000e+02
2.280000000000000000e+02
1.470000000000000000e+02
3.900000000000000000e+01
4.200000000000000000e+01
1.000000000000000000e+01
1.800000000000000000e+01
3.400000000000000000e+01
3.600000000000000000e+01
6.900000000000000000e+01
1.450000000000000000e+02
1.480000000000000000e+02
1.290000000000000000e+02
1.330000000000000000e+02
2.480000000000000000e+02
1.670000000000000000e+02
2.560000000000000000e+02
2.160000000000000000e+02
3.900000000000000000e+02
5.060000000000000000e+02
5.130000000000000000e+02
5.820000000000000000e+02
5.720000000000000000e+02
6.180000000000000000e+02
4.970000000000000000e+02
4.360000000000000000e+02
3.500000000000000000e+02
3.450000000000000000e+02
2.650000000000000000e+02
2.890000000000000000e+02
2.910000000000000000e+02
4.020000000000000000e+02
5.510000000000000000e+02
6.840000000000000000e+02
8.530000000000000000e+02
8.690000000000000000e+02
7.420000000000000000e+02
5.400000000000000000e+02
7.120000000000000000e+02
1.014000000000000000e+03
1.115000000000000000e+03
1.680000000000000000e+03
1.987000000000000000e+03
2.483000000000000000e+03
2.785000000000000000e+03
3.117000000000000000e+03
3.771000000000000000e+03
3.759000000000000000e+03
3.989000000000000000e+03
3.421000000000000000e+03
3.626000000000000000e+03
3.903000000000000000e+03
3.352000000000000000e+03
3.434000000000000000e+03
3.054000000000000000e+03
3.211000000000000000e+03
2.729000000000000000e+03
2.530000000000000000e+03
2.072000000000000000e+03
2.223000000000000000e+03
1.500000000000000000e+03
1.517000000000000000e+03
1.223000000000000000e+03
8.900000000000000000e+02
8.960000000000000000e+02
7.730000000000000000e+02
7.370000000000000000e+02
6.200000000000000000e+02
6.100000000000000000e+02
5.060000000000000000e+02
1.910000000000000000e+02
0.000000000000000000e+00
0.000000000000000000e+00
