0.000000000000000000e+00
0.000000000000000000e+00
0.000000000000000000e+00
0.000000000000000000e+00
1.000000000000000000e+00
0.000000000000000000e+00
0.000000000000000000e+00
0.000000000000000000e+00
1.000000000000000000e+00
0.000000000000000000e+00
1.000000000000000000e+00
0.000000000000000000e+00
0.000000000000000000e+00
0.000000000000000000e+00
0.000000000000000000e+00
0.000000000000000000e+00
0.000000000000000000e+00
0.000000000000000000e+00
0.000000000000000000e+00
0.000000000000000000e+00
1.000000000000000000e+00
0.000000000000000000e+00
1.000000000000000000e+00
0.000000000000000000e+00
1.000000000000000000e+00
5.000000000000000000e+00
2.000000000000000000e+00
4.000000000000000000e+00
0.000000000000000000e+00
2.000000000000000000e+00
1.000000000000000000e+00
2.000000000000000000e+00
1.000000000000000000e+00
0.000000000000000000e+00
0.000000000000000000e+00
0.000000000000000000e+00
3.000000000000000000e+00
0.000000000000000000e+00
0.000000000000000000e+00
6.000000000000000000e+00
2.000000000000000000e+00
8.000000000000000000e+00
1.100000000000000000e+01
1.500000000000000000e+01
1.800000000000000000e+01
1.700000000000000000e+01
2.300000000000000000e+01
3.200000000000000000e+01
2.700000000000000000e+01
2.900000000000000000e+01
2.800000000000000000e+01
1.000000000000000000e+01
1.900000000000000000e+01
1.300000000000000000e+01
3.600000000000000000e+01
3.700000000000000000e+01
5.100000000000000000e+01
3.700000000000000000e+01
4.300000000000000000e+01
5.200000000000000000e+01
9.100000000000000000e+01
1.000000000000000000e+02
1.630000000000000000e+02
1.650000000000000000e+02
2.300000000000000000e+02
2.160000000000000000e+02
2.150000000000000000e+02
2.010000000000000000e+02
2.150000000000000000e+02
2.240000000000000000e+02
2.050000000000000000e+02
2.920000000000000000e+02
3.060000000000000000e+02
3.970000000000000000e+02
3.910000000000000000e+02
4.030000000000000000e+02
4.580000000000000000e+02
4.720000000000000000e+02
7.760000000000000000e+02
6.430000000000000000e+02
5.650000000000000000e+02
7.270000000000000000e+02
6.740000000000000000e+02
8.290000000000000000e+02
8.300000000000000000e+02
8.980000000000000000e+02
9.470000000000000000e+02
9.750000000000000000e+02
1.109000000000000000e+03
1.211000000000000000e+03
1.234000000000000000e+03
1.271000000000000000e+03
1.172000000000000000e+03
9.460000000000000000e+02
8.330000000000000000e+02
7.540000000000000000e+02
5.290000000000000000e+02
4.220000000000000000e+02
2.830000000000000000e+02
2.760000000000000000e+02
1.470000000000000000e+02
1.670000000000000000e+02
1.080000000000000000e+02
1.110000000000000000e+02
4.800000000000000000e+01
3.000000000000000000e+01
4.100000000000000000e+01
5.000000000000000000e+00
0.000000000000000000e+00
0.000000000000000000e+00
